0 349 228 37 489 136 460 207 236 169 166 110 
435 0 457 277 383 451 422 248 467 385 93 171 
486 142 0 487 194 433 279 121 131 380 471 359 
417 460 348 0 229 167 84 399 185 194 334 142 
323 69 445 246 0 317 413 483 263 436 469 405 
424 15 339 55 136 0 470 287 107 182 204 419 
382 285 438 466 36 476 0 12 370 118 336 291 
416 82 461 329 417 224 117 0 238 129 393 253 
468 448 241 291 235 201 325 291 0 120 207 429 
411 25 465 387 37 336 357 373 479 0 273 307 
440 454 76 164 72 314 294 465 419 114 0 266 
161 257 353 362 434 145 334 141 426 245 18 0 
