0 372 156 0 225 417 0 0 59 90 434 46 95 477 
134 0 0 168 96 327 455 182 69 0 9 477 37 131 
425 141 0 390 409 0 68 0 224 441 487 220 18 211 
376 95 0 0 128 435 186 415 334 133 392 468 154 340 
147 0 461 375 0 216 470 352 105 0 0 454 0 0 
129 247 196 0 0 0 38 167 420 332 0 6 140 202 
0 69 16 297 50 304 0 335 465 138 469 209 458 123 
401 0 105 436 276 173 407 0 480 130 361 461 229 57 
0 352 0 248 329 184 254 470 0 0 386 176 338 35 
226 494 371 191 484 340 252 0 442 0 315 153 399 251 
282 424 0 10 0 0 114 55 371 76 0 136 280 428 
385 110 464 491 0 432 202 167 0 270 237 0 393 265 
0 460 436 249 152 40 44 0 319 194 295 71 0 328 
220 0 433 442 275 157 370 263 437 298 148 47 114 0 
